fd: [0 -0 0]
fd: [0 0 -0]
fd: [0 -0 -0]
fd: [-0 0 0]
fd: [0 -0 0]
fd: [-0 -0 0]
fd: [0 -0 0]
fd: [-0 0 0]
fd: [-0 -0 0]
fd: [-0 0 0]
fd: [0 0 -0]
fd: [-0 0 0]
fd: [0 -0 -0]
fd: [-0 0 0]
fd: [0 -0 0]
fd: [-0 0 0]
fd: [0 -0 -0]
fd: [-0 0 -0]
fd: [0 0 -0]
fd: [-0 0 0]
fd: [-0 0 0]
fd: [0 0 0]
fd: [0 0 -0]
fd: [-0 0 0]
fd: [-0 -0 -0]
fd: [-0 0 0]
fd: [0 -0 0]
fd: [-0 0 0]
fd: [-0 -0 -0]
fd: [0 0 0]
fd: [0 0 -0]
fd: [-0 0 0]
fd: [-0 -0 -0]
fd: [0 0 0]
fd: [0 -0 0]
fd: [-0 0 0]
fd: [-0 -0 -0]
fd: [0 0 0]
fd: [0 -0 -0]
fd: [-0 0 0]
fd: [-0 -0 -0]
fd: [-0 -0 0]
fd: [-0 0 0]
fd: [0 -0 -0]
fd: [0 -0 0]
fd: [-0 0 -0]
fd: [-0 0 0]
fd: [-0 -0 0]
fd: [-0 0 0]
fd: [-0 0 0]
fd: [0 -0 -0]
fd: [0 -0 0]
fd: [-0 0 0]
fd: [-0 0 0]
fd: [0 -0 -0]
fd: [-0 0 0]
fd: [0 -0 -0]
fd: [0 -0 -0]
fd: [-0 0 0]
fd: [-0 -0 -0]
fd: [0 -0 0]
fd: [-0 0 0]
fd: [0 0 0]
fd: [0 -0 -0]
fd: [-0 0 0]
fd: [0 0 0]
fd: [0 -0 -0]
fd: [-0 0 0]
fd: [0 0 0]
fd: [0 -0 -0]
fd: [-0 0 0]
fd: [0 0 0]
fd: [-0 0 0]
fd: [-0 0 0]
fd: [-0 0 0]
fd: [0 -0 0]
fd: [-0 0 0]
fd: [-0 0 0]
fd: [-0 0 0]
fd: [-0 0 0]
fd: [-0 0 0]
fd: [0 -0 -0]
fd: [0 -0 -0]
fd: [-0 0 0]
fd: [-0 0 0]
fd: [0 -0 -0]
fd: [-0 0 0]
fd: [0 -0 -0]
fd: [0 -0 -0]
fd: [-0 0 0]
fd: [0 0 0]
fd: [0 -0 -0]
fd: [-0 0 0]
fd: [0 0 0]
fd: [0 -0 -0]
fd: [-0 0 0]
fd: [0 0 0]
fd: [0 -0 -0]
fd: [-0 0 0]
fd: [0 0 0]
fd: [0 -0 -0]
fd: [-0 0 0]
fd: [0 0 0]
fd: [-0 0 0]
fd: [0 -0 -0]
fd: [-0 0 0]
fd: [0 -0 -0]
fd: [-0 0 0]
fd: [-0 0 0]
fd: [-0 0 0]
fd: [-0 0 0]
fd: [-0 0 0]
fd: [-0 0 0]
fd: [0 -0 -0]
fd: [-0 0 0]
fd: [-0 0 0]
fd: [-0 0 0]
fd: [-0 0 0]
fd: [0 0 0]
fd: [0 -0 -0]
fd: [-0 0 0]
fd: [0 0 0]
fd: [0 -0 -0]
fd: [-0 0 0]
fd: [0 0 0]
fd: [-0 0 0]
fd: [-0 0 0]
fd: [0 0 0]
fd: [-0 0 0]
fd: [-0 0 0]
fd: [0 0 0]
fd: [-0 0 0]
fd: [-0 0 0]
fd: [0 0 0]
fd: [-0 0 0]
fd: [0 -0 -0]
fd: [-0 0 0]
fd: [0 -0 -0]
fd: [-0 0 0]
fd: [-0 0 0]
fd: [-0 0 0]
fd: [-0 0 0]
fd: [-0 0 0]
fd: [-0 0 0]
fd: [0 -0 -0]
fd: [-0 0 0]
fd: [-0 0 0]
fd: [-0 0 0]
fd: [-0 0 0]
fd: [0 0 0]
fd: [-0 0 0]
fd: [-0 0 0]
fd: [0 0 0]
fd: [-0 0 0]
fd: [-0 0 0]
fd: [0 0 0]
fd: [-0 0 0]
fd: [-0 0 0]
fd: [0 0 0]
fd: [-0 0 0]
fd: [-0 0 0]
fd: [0 0 0]
fd: [-0 0 0]
fd: [-0 0 0]
fd: [0 0 0]
fd: [-0 0 0]
fd: [0 -0 -0]
fd: [-0 0 0]
fd: [0 -0 -0]
fd: [-0 0 0]
fd: [-0 0 0]
fd: [0 -0 -0]
fd: [-0 0 0]
fd: [-0 0 0]
fd: [-0 0 0]
fd: [-0 0 0]
fd: [-0 0 0]
fd: [0 0 0]
fd: [-0 0 0]
fd: [-0 0 0]
fd: [0 0 0]
fd: [-0 0 0]
fd: [-0 0 0]
fd: [0 0 0]
fd: [-0 0 0]
fd: [-0 0 0]
fd: [0 0 0]
fd: [-0 0 0]
fd: [-0 0 0]
fd: [0 0 0]
fd: [-0 0 0]
fd: [-0 0 0]
fd: [0 0 0]
fd: [-0 0 0]
fd: [-0 0 0]
fd: [0 0 0]
fd: [0 -0 -0]
fd: [-0 0 0]
fd: [0 -0 -0]
fd: [-0 0 0]
fd: [0 -0 -0]
fd: [0 -0 -0]
fd: [-0 0 0]
fd: [0 -0 -0]
fd: [0 -0 -0]
fd: [0 -0 -0]
fd: [0 -0 -0]
fd: [0 -0 -0]
fd: [-0 -0 -0]
fd: [0 -0 -0]
fd: [0 -0 -0]
fd: [0 0 0]
fd: [0 -0 -0]
fd: [0 -0 -0]
fd: [0 0 0]
fd: [0 -0 -0]
fd: [0 -0 -0]
fd: [0 0 0]
fd: [0 -0 -0]
fd: [0 -0 -0]
fd: [0 0 0]
fd: [0 -0 -0]
fd: [0 -0 -0]
fd: [-0 -0 -0]
fd: [0 -0 -0]
fd: [0 -0 -0]
fd: [-0 -0 -0]
fd: [0 -0 -0]
fd: [-0 0 0]
fd: [0 -0 -0]
fd: [-0 0 0]
fd: [0 -0 -0]
fd: [0 -0 -0]
fd: [-0 0 0]
fd: [0 -0 -0]
fd: [0 -0 -0]
fd: [-0 -0 -0]
fd: [0 -0 -0]
fd: [0 -0 -0]
fd: [-0 -0 -0]
fd: [0 -0 -0]
fd: [0 -0 -0]
fd: [0 0 0]
fd: [0 -0 -0]
fd: [0 -0 -0]
fd: [0 0 0]
fd: [0 -0 -0]
fd: [0 -0 -0]
fd: [0 0 0]
fd: [0 -0 -0]
fd: [0 -0 -0]
fd: [0 0 0]
fd: [0 -0 -0]
fd: [0 -0 -0]
fd: [-0 -0 -0]
fd: [0 -0 -0]
fd: [0 -0 -0]
fd: [-0 -0 -0]
fd: [0 -0 -0]
fd: [-0 0 0]
fd: [0 -0 -0]
fd: [-0 0 0]
fd: [0 -0 -0]
fd: [0 -0 -0]
fd: [-0 -0 -0]
fd: [0 -0 -0]
fd: [0 -0 -0]
fd: [0 0 0]
fd: [0 -0 -0]
fd: [0 -0 -0]
fd: [0 0 0]
fd: [0 -0 -0]
fd: [0 -0 -0]
fd: [0 0 0]
fd: [0 -0 -0]
fd: [0 -0 -0]
fd: [0 0 0]
fd: [0 -0 -0]
fd: [0 -0 -0]
fd: [0 0 0]
fd: [0 -0 -0]
fd: [0 -0 -0]
fd: [0 0 0]
fd: [0 -0 -0]
fd: [0 -0 -0]
fd: [-0 -0 -0]
fd: [0 -0 -0]
fd: [0 -0 -0]
fd: [-0 -0 -0]
fd: [0 -0 -0]
fd: [-0 0 0]
fd: [0 -0 -0]
fd: [0 -0 -0]
fd: [0 -0 -0]
fd: [0 -0 -0]
fd: [0 -0 -0]
fd: [0 -0 -0]
fd: [0 -0 -0]
fd: [0 -0 -0]
fd: [0 -0 -0]
fd: [0 -0 -0]
fd: [0 -0 -0]
fd: [0 -0 -0]
fd: [0 -0 -0]
fd: [0 -0 -0]
fd: [0 -0 -0]
fd: [0 -0 -0]
fd: [0 -0 -0]
fd: [0 -0 -0]
fd: [0 -0 -0]
fd: [0 -0 -0]
fd: [0 -0 -0]
fd: [0 -0 -0]
fd: [0 -0 -0]
fd: [0 -0 -0]
fd: [0 -0 -0]
fd: [0 -0 -0]
fd: [0 -0 -0]
fd: [0 -0 -0]
fd: [0 -0 -0]
fd: [0 -0 0]
fd: [0 0 -0]
fd: [0 -0 -0]
fd: [-0 0 0]
fd: [0 -0 0]
fd: [-0 -0 0]
fd: [0 -0 0]
fd: [-0 0 0]
fd: [-0 -0 0]
fd: [-0 0 0]
fd: [0 0 -0]
fd: [-0 0 0]
fd: [0 -0 -0]
fd: [-0 0 0]
fd: [0 -0 0]
fd: [-0 0 0]
fd: [0 -0 -0]
fd: [-0 0 -0]
fd: [0 0 -0]
fd: [-0 0 0]
fd: [-0 0 0]
fd: [0 0 0]
fd: [0 0 -0]
fd: [-0 0 0]
fd: [-0 -0 -0]
fd: [-0 0 0]
fd: [0 -0 0]
fd: [-0 0 0]
fd: [-0 -0 -0]
fd: [0 0 0]
fd: [0 0 -0]
fd: [-0 0 0]
fd: [-0 -0 -0]
fd: [0 0 0]
fd: [0 -0 0]
fd: [-0 0 0]
fd: [-0 -0 -0]
fd: [0 0 0]
fd: [0 -0 -0]
fd: [-0 0 0]
fd: [-0 -0 -0]
fd: [-0 -0 0]
fd: [-0 0 0]
fd: [0 -0 -0]
fd: [0 -0 0]
fd: [-0 0 -0]
fd: [-0 0 0]
fd: [-0 -0 0]
fd: [-0 0 0]
fd: [-0 0 0]
fd: [0 -0 -0]
fd: [0 -0 0]
fd: [-0 0 0]
fd: [-0 0 0]
fd: [0 -0 -0]
fd: [-0 0 0]
fd: [0 -0 -0]
fd: [0 -0 -0]
fd: [-0 0 0]
fd: [-0 -0 -0]
fd: [0 -0 0]
fd: [-0 0 0]
fd: [0 0 0]
fd: [0 -0 -0]
fd: [-0 0 0]
fd: [0 0 0]
fd: [0 -0 -0]
fd: [-0 0 0]
fd: [0 0 0]
fd: [0 -0 -0]
fd: [-0 0 0]
fd: [0 0 0]
fd: [-0 0 0]
fd: [-0 0 0]
fd: [-0 0 0]
fd: [0 -0 0]
fd: [-0 0 0]
fd: [-0 0 0]
fd: [-0 0 0]
fd: [-0 0 0]
fd: [-0 0 0]
fd: [0 -0 -0]
fd: [0 -0 -0]
fd: [-0 0 0]
fd: [-0 0 0]
fd: [0 -0 -0]
fd: [-0 0 0]
fd: [0 -0 -0]
fd: [0 -0 -0]
fd: [-0 0 0]
fd: [0 0 0]
fd: [0 -0 -0]
fd: [-0 0 0]
fd: [0 0 0]
fd: [0 -0 -0]
fd: [-0 0 0]
fd: [0 0 0]
fd: [0 -0 -0]
fd: [-0 0 0]
fd: [0 0 0]
fd: [0 -0 -0]
fd: [-0 0 0]
fd: [0 0 0]
fd: [-0 0 0]
fd: [0 -0 -0]
fd: [-0 0 0]
fd: [0 -0 -0]
fd: [-0 0 0]
fd: [-0 0 0]
fd: [-0 0 0]
fd: [-0 0 0]
fd: [-0 0 0]
fd: [-0 0 0]
fd: [0 -0 -0]
fd: [-0 0 0]
fd: [-0 0 0]
fd: [-0 0 0]
fd: [-0 0 0]
fd: [0 0 0]
fd: [0 -0 -0]
fd: [-0 0 0]
fd: [0 0 0]
fd: [0 -0 -0]
fd: [-0 0 0]
fd: [0 0 0]
fd: [-0 0 0]
fd: [-0 0 0]
fd: [0 0 0]
fd: [-0 0 0]
fd: [-0 0 0]
fd: [0 0 0]
fd: [-0 0 0]
fd: [-0 0 0]
fd: [0 0 0]
fd: [-0 0 0]
fd: [0 -0 -0]
fd: [-0 0 0]
fd: [0 -0 -0]
fd: [-0 0 0]
fd: [-0 0 0]
fd: [-0 0 0]
fd: [-0 0 0]
fd: [-0 0 0]
fd: [-0 0 0]
fd: [0 -0 -0]
fd: [-0 0 0]
fd: [-0 0 0]
fd: [-0 0 0]
fd: [-0 0 0]
fd: [0 0 0]
fd: [-0 0 0]
fd: [-0 0 0]
fd: [0 0 0]
fd: [-0 0 0]
fd: [-0 0 0]
fd: [0 0 0]
fd: [-0 0 0]
fd: [-0 0 0]
fd: [0 0 0]
fd: [-0 0 0]
fd: [-0 0 0]
fd: [0 0 0]
fd: [-0 0 0]
fd: [-0 0 0]
fd: [0 0 0]
fd: [-0 0 0]
fd: [0 -0 -0]
fd: [-0 0 0]
fd: [0 -0 -0]
fd: [-0 0 0]
fd: [-0 0 0]
fd: [0 -0 -0]
fd: [-0 0 0]
fd: [-0 0 0]
fd: [-0 0 0]
fd: [-0 0 0]
fd: [-0 0 0]
fd: [0 0 0]
fd: [-0 0 0]
fd: [-0 0 0]
fd: [0 0 0]
fd: [-0 0 0]
fd: [-0 0 0]
fd: [0 0 0]
fd: [-0 0 0]
fd: [-0 0 0]
fd: [0 0 0]
fd: [-0 0 0]
fd: [-0 0 0]
fd: [0 0 0]
fd: [-0 0 0]
fd: [-0 0 0]
fd: [0 0 0]
fd: [-0 0 0]
fd: [-0 0 0]
fd: [0 0 0]
fd: [-0 0 0]
fd: [0 -0 -0]
fd: [-0 0 0]
fd: [0 -0 -0]
fd: [-0 0 0]
fd: [-0 0 0]
fd: [0 -0 -0]
fd: [-0 0 0]
fd: [-0 0 0]
fd: [-0 0 0]
fd: [-0 0 0]
fd: [-0 0 0]
fd: [0 0 0]
fd: [-0 0 0]
fd: [-0 0 0]
fd: [0 0 0]
fd: [-0 0 0]
fd: [-0 0 0]
fd: [0 0 0]
fd: [-0 0 0]
fd: [-0 0 0]
fd: [0 0 0]
fd: [-0 0 0]
fd: [-0 0 0]
fd: [0 0 0]
fd: [-0 0 0]
fd: [-0 0 0]
fd: [0 0 0]
fd: [-0 0 0]
fd: [-0 0 0]
fd: [0 0 0]
fd: [0 -0 -0]
fd: [-0 0 0]
fd: [0 -0 -0]
fd: [-0 0 0]
fd: [0 -0 -0]
fd: [0 -0 -0]
fd: [-0 0 0]
fd: [0 -0 -0]
fd: [0 -0 -0]
fd: [-0 -0 -0]
fd: [0 -0 -0]
fd: [0 -0 -0]
fd: [-0 -0 -0]
fd: [0 -0 -0]
fd: [0 -0 -0]
fd: [0 0 0]
fd: [0 -0 -0]
fd: [0 -0 -0]
fd: [0 0 0]
fd: [0 -0 -0]
fd: [0 -0 -0]
fd: [0 0 0]
fd: [0 -0 -0]
fd: [0 -0 -0]
fd: [0 0 0]
fd: [0 -0 -0]
fd: [0 -0 -0]
fd: [-0 -0 -0]
fd: [0 -0 -0]
fd: [0 -0 -0]
fd: [-0 -0 -0]
fd: [-0 0 0]
fd: [0 -0 -0]
fd: [-0 0 0]
fd: [0 -0 -0]
fd: [-0 0 0]
fd: [-0 0 0]
fd: [0 0 0]
fd: [-0 0 0]
fd: [-0 0 0]
fd: [0 0 0]
fd: [-0 0 0]
fd: [-0 0 0]
fd: [-0 -0 -0]
fd: [-0 0 0]
fd: [-0 0 0]
fd: [-0 -0 -0]
fd: [-0 0 0]
fd: [-0 0 0]
fd: [-0 -0 -0]
fd: [-0 0 0]
fd: [-0 0 0]
fd: [-0 -0 -0]
fd: [-0 0 0]
fd: [-0 0 0]
fd: [-0 -0 -0]
fd: [-0 0 0]
fd: [-0 0 0]
fd: [-0 -0 -0]
fd: [-0 0 0]
fd: [-0 0 0]
fd: [0 0 0]
fd: [0 -0 -0]
fd: [-0 0 0]
fd: [0 -0 -0]
fd: [-0 -0 -0]
fd: [0 -0 -0]
fd: [0 -0 -0]
fd: [0 0 0]
fd: [0 -0 -0]
fd: [0 -0 -0]
fd: [0 0 0]
fd: [0 -0 -0]
fd: [0 -0 -0]
fd: [0 0 0]
fd: [0 -0 -0]
fd: [0 -0 -0]
fd: [0 0 0]
fd: [0 -0 -0]
fd: [0 -0 -0]
fd: [0 0 0]
fd: [0 -0 -0]
fd: [0 -0 -0]
fd: [0 0 0]
fd: [0 -0 -0]
fd: [0 -0 -0]
fd: [0 0 0]
fd: [0 -0 -0]
fd: [0 -0 -0]
fd: [0 0 0]
fd: [0 -0 -0]
fd: [0 -0 -0]
fd: [0 0 0]
fd: [0 -0 0]
fd: [0 0 -0]
fd: [0 -0 -0]
fd: [-0 0 0]
fd: [0 -0 0]
fd: [-0 -0 0]
fd: [0 -0 0]
fd: [-0 0 0]
fd: [-0 -0 0]
fd: [-0 0 0]
fd: [0 0 -0]
fd: [-0 0 0]
fd: [0 -0 -0]
fd: [-0 0 0]
fd: [0 -0 0]
fd: [-0 0 0]
fd: [0 -0 -0]
fd: [-0 0 -0]
fd: [0 0 -0]
fd: [-0 0 0]
fd: [-0 0 0]
fd: [0 0 0]
fd: [0 0 -0]
fd: [-0 0 0]
fd: [-0 -0 -0]
fd: [-0 0 0]
fd: [0 -0 0]
fd: [-0 0 0]
fd: [-0 -0 -0]
fd: [0 0 0]
fd: [0 0 -0]
fd: [-0 0 0]
fd: [-0 -0 -0]
fd: [0 0 0]
fd: [0 -0 0]
fd: [-0 0 0]
fd: [-0 -0 -0]
fd: [0 0 0]
fd: [0 -0 -0]
fd: [-0 0 0]
fd: [-0 -0 -0]
fd: [-0 -0 0]
fd: [-0 0 0]
fd: [0 -0 -0]
fd: [0 -0 0]
fd: [-0 0 -0]
fd: [-0 0 0]
fd: [-0 -0 0]
fd: [-0 0 0]
fd: [-0 0 0]
fd: [0 -0 -0]
fd: [0 -0 0]
fd: [-0 0 0]
fd: [-0 0 0]
fd: [0 -0 -0]
fd: [-0 0 0]
fd: [0 -0 -0]
fd: [0 -0 -0]
fd: [-0 0 0]
fd: [-0 -0 -0]
fd: [0 -0 0]
fd: [-0 0 0]
fd: [0 0 0]
fd: [0 -0 -0]
fd: [-0 0 0]
fd: [0 0 0]
fd: [0 -0 -0]
fd: [-0 0 0]
fd: [0 0 0]
fd: [0 -0 -0]
fd: [-0 0 0]
fd: [0 0 0]
fd: [-0 0 0]
fd: [-0 0 0]
fd: [-0 0 0]
fd: [0 -0 0]
fd: [-0 0 0]
fd: [-0 0 0]
fd: [-0 0 0]
fd: [-0 0 0]
fd: [-0 0 0]
fd: [0 -0 -0]
fd: [0 -0 -0]
fd: [-0 0 0]
fd: [-0 0 0]
fd: [0 -0 -0]
fd: [-0 0 0]
fd: [0 -0 -0]
fd: [0 -0 -0]
fd: [-0 0 0]
fd: [0 0 0]
fd: [0 -0 -0]
fd: [-0 0 0]
fd: [0 0 0]
fd: [0 -0 -0]
fd: [-0 0 0]
fd: [0 0 0]
fd: [0 -0 -0]
fd: [-0 0 0]
fd: [0 0 0]
fd: [0 -0 -0]
fd: [-0 0 0]
fd: [0 0 0]
fd: [-0 0 0]
fd: [0 -0 -0]
fd: [-0 0 0]
fd: [0 -0 -0]
fd: [-0 0 0]
fd: [-0 0 0]
fd: [-0 0 0]
fd: [-0 0 0]
fd: [-0 0 0]
fd: [-0 0 0]
fd: [0 -0 -0]
fd: [-0 0 0]
fd: [-0 0 0]
fd: [-0 0 0]
fd: [-0 0 0]
fd: [0 0 0]
fd: [0 -0 -0]
fd: [-0 0 0]
fd: [0 0 0]
fd: [0 -0 -0]
fd: [-0 0 0]
fd: [0 0 0]
fd: [-0 0 0]
fd: [-0 0 0]
fd: [0 0 0]
fd: [-0 0 0]
fd: [-0 0 0]
fd: [0 0 0]
fd: [-0 0 0]
fd: [-0 0 0]
fd: [0 0 0]
fd: [-0 0 0]
fd: [0 -0 -0]
fd: [-0 0 0]
fd: [0 -0 -0]
fd: [-0 0 0]
fd: [-0 0 0]
fd: [0 -0 -0]
fd: [-0 0 0]
fd: [-0 0 0]
fd: [-0 0 0]
fd: [0 -0 -0]
fd: [-0 0 0]
fd: [-0 0 0]
fd: [-0 0 0]
fd: [-0 0 0]
fd: [0 0 0]
fd: [-0 0 0]
fd: [-0 0 0]
fd: [0 0 0]
fd: [-0 0 0]
fd: [-0 0 0]
fd: [0 0 0]
fd: [-0 0 0]
fd: [-0 0 0]
fd: [0 0 0]
fd: [-0 0 0]
fd: [-0 0 0]
fd: [0 0 0]
fd: [-0 0 0]
fd: [-0 0 0]
fd: [0 0 0]
fd: [-0 0 0]
fd: [0 -0 -0]
fd: [-0 0 0]
fd: [-0 0 0]
fd: [0 -0 -0]
fd: [0 -0 -0]
fd: [-0 0 0]
fd: [0 -0 -0]
fd: [0 -0 -0]
fd: [-0 0 0]
fd: [0 -0 -0]
fd: [-0 0 0]
fd: [0 0 0]
fd: [0 -0 -0]
fd: [-0 0 0]
fd: [0 0 0]
fd: [0 -0 -0]
fd: [0 -0 -0]
fd: [0 0 0]
fd: [0 -0 -0]
fd: [0 -0 -0]
fd: [0 0 0]
fd: [0 -0 -0]
fd: [0 -0 -0]
fd: [0 0 0]
fd: [0 -0 -0]
fd: [0 -0 -0]
fd: [0 0 0]
fd: [0 -0 -0]
fd: [0 -0 -0]
fd: [0 0 0]
fd: [-0 0 0]
fd: [0 -0 -0]
fd: [-0 0 0]
fd: [0 -0 -0]
fd: [-0 0 0]
fd: [-0 0 0]
fd: [0 -0 -0]
fd: [-0 0 0]
fd: [-0 0 0]
fd: [-0 0 0]
fd: [-0 0 0]
fd: [-0 0 0]
fd: [0 0 0]
fd: [-0 0 0]
fd: [-0 0 0]
fd: [0 0 0]
fd: [-0 0 0]
fd: [-0 0 0]
fd: [0 0 0]
fd: [-0 0 0]
fd: [-0 0 0]
fd: [0 0 0]
fd: [-0 0 0]
fd: [-0 0 0]
fd: [0 0 0]
fd: [-0 0 0]
fd: [-0 0 0]
fd: [0 0 0]
fd: [-0 0 0]
fd: [-0 0 0]
fd: [0 0 0]
fd: [0 -0 -0]
fd: [-0 0 0]
fd: [0 -0 -0]
fd: [-0 0 0]
fd: [0 -0 -0]
fd: [0 -0 -0]
fd: [-0 0 0]
fd: [0 -0 -0]
fd: [0 -0 -0]
fd: [-0 -0 -0]
fd: [0 -0 -0]
fd: [0 -0 -0]
fd: [-0 -0 -0]
fd: [0 -0 -0]
fd: [0 -0 -0]
fd: [0 0 0]
fd: [0 -0 -0]
fd: [0 -0 -0]
fd: [0 0 0]
fd: [0 -0 -0]
fd: [0 -0 -0]
fd: [0 0 0]
fd: [0 -0 -0]
fd: [0 -0 -0]
fd: [0 0 0]
fd: [0 -0 -0]
fd: [0 -0 -0]
fd: [-0 -0 -0]
fd: [0 -0 -0]
fd: [0 -0 -0]
fd: [-0 -0 -0]
fd: [0 -0 -0]
fd: [-0 0 0]
fd: [0 -0 -0]
fd: [-0 0 0]
fd: [0 -0 -0]
fd: [0 -0 -0]
fd: [-0 -0 -0]
fd: [0 -0 -0]
fd: [0 -0 -0]
fd: [-0 -0 -0]
fd: [0 -0 -0]
fd: [0 -0 -0]
fd: [0 0 0]
fd: [0 -0 -0]
fd: [0 -0 -0]
fd: [0 0 0]
fd: [0 -0 -0]
fd: [0 -0 -0]
fd: [0 0 0]
fd: [0 -0 -0]
fd: [0 -0 -0]
fd: [0 0 0]
fd: [0 -0 -0]
fd: [0 -0 -0]
fd: [0 0 0]
fd: [0 -0 -0]
fd: [0 -0 -0]
fd: [0 0 0]
fd: [0 -0 -0]
fd: [0 -0 -0]
fd: [-0 -0 -0]
fd: [0 -0 -0]
fd: [-0 0 0]
fd: [0 -0 -0]
fd: [-0 -0 -0]
fd: [0 -0 -0]
fd: [0 -0 -0]
fd: [0 0 0]
fd: [0 -0 -0]
fd: [0 -0 -0]
fd: [0 0 0]
fd: [0 -0 -0]
fd: [0 -0 -0]
fd: [0 0 0]
fd: [0 -0 -0]
fd: [0 -0 -0]
fd: [0 0 0]
fd: [0 -0 -0]
fd: [0 -0 -0]
fd: [0 0 0]
fd: [0 -0 -0]
fd: [0 -0 -0]
fd: [0 0 0]
fd: [0 -0 -0]
fd: [0 -0 -0]
fd: [0 0 0]
fd: [0 -0 -0]
fd: [0 -0 -0]
fd: [0 0 0]
fd: [0 -0 -0]
fd: [0 -0 -0]
fd: [0 0 0]
fd: [0 -0 0]
fd: [0 0 -0]
fd: [0 -0 -0]
fd: [-0 0 0]
fd: [0 -0 0]
fd: [-0 -0 0]
fd: [0 -0 0]
fd: [-0 0 0]
fd: [-0 -0 0]
fd: [-0 0 0]
fd: [0 0 -0]
fd: [-0 0 0]
fd: [0 -0 -0]
fd: [-0 0 0]
fd: [0 -0 0]
fd: [-0 0 0]
fd: [0 -0 -0]
fd: [-0 0 -0]
fd: [0 0 -0]
fd: [-0 0 0]
fd: [-0 0 0]
fd: [0 0 0]
fd: [0 0 -0]
fd: [-0 0 0]
fd: [-0 -0 -0]
fd: [-0 0 0]
fd: [0 -0 0]
fd: [-0 0 0]
fd: [-0 -0 -0]
fd: [0 0 0]
fd: [0 0 -0]
fd: [-0 0 0]
fd: [-0 -0 -0]
fd: [0 0 0]
fd: [0 -0 0]
fd: [-0 0 0]
fd: [-0 -0 -0]
fd: [0 0 0]
fd: [0 -0 -0]
fd: [-0 0 0]
fd: [-0 -0 -0]
fd: [-0 0 0]
fd: [-0 0 0]
fd: [0 -0 -0]
fd: [0 -0 0]
fd: [-0 0 -0]
fd: [-0 0 0]
fd: [-0 -0 0]
fd: [-0 0 0]
fd: [-0 0 0]
fd: [0 -0 -0]
fd: [0 -0 0]
fd: [-0 0 0]
fd: [-0 0 0]
fd: [0 -0 -0]
fd: [-0 0 0]
fd: [0 -0 -0]
fd: [0 -0 -0]
fd: [-0 0 0]
fd: [-0 -0 -0]
fd: [0 -0 0]
fd: [-0 0 0]
fd: [0 0 0]
fd: [0 -0 -0]
fd: [-0 0 0]
fd: [0 0 0]
fd: [0 -0 -0]
fd: [-0 0 0]
fd: [0 0 0]
fd: [0 -0 -0]
fd: [-0 0 0]
fd: [0 0 0]
fd: [-0 0 0]
fd: [-0 0 0]
fd: [-0 0 0]
fd: [0 -0 0]
fd: [-0 0 0]
fd: [-0 0 0]
fd: [-0 0 0]
fd: [-0 0 0]
fd: [-0 0 0]
fd: [0 -0 -0]
fd: [0 -0 -0]
fd: [-0 0 0]
fd: [-0 0 0]
fd: [0 -0 -0]
fd: [-0 0 0]
fd: [0 -0 -0]
fd: [0 -0 -0]
fd: [-0 0 0]
fd: [0 0 0]
fd: [0 -0 -0]
fd: [-0 0 0]
fd: [0 0 0]
fd: [0 -0 -0]
fd: [-0 0 0]
fd: [0 0 0]
fd: [0 -0 -0]
fd: [-0 0 0]
fd: [0 0 0]
fd: [0 -0 -0]
fd: [-0 0 0]
fd: [0 0 0]
fd: [-0 0 0]
fd: [0 -0 -0]
fd: [-0 0 0]
fd: [0 -0 -0]
fd: [-0 0 0]
fd: [-0 0 0]
fd: [-0 0 0]
fd: [-0 0 0]
fd: [-0 0 0]
fd: [-0 0 0]
fd: [0 -0 -0]
fd: [-0 0 0]
fd: [-0 0 0]
fd: [-0 0 0]
fd: [-0 0 0]
fd: [0 0 0]
fd: [0 -0 -0]
fd: [-0 0 0]
fd: [0 0 0]
fd: [0 -0 -0]
fd: [-0 0 0]
fd: [0 0 0]
fd: [-0 0 0]
fd: [-0 0 0]
fd: [0 0 0]
fd: [-0 0 0]
fd: [-0 0 0]
fd: [0 0 0]
fd: [-0 0 0]
fd: [-0 0 0]
fd: [0 0 0]
fd: [-0 0 0]
fd: [0 -0 -0]
fd: [-0 0 0]
fd: [0 -0 -0]
fd: [-0 0 0]
fd: [-0 0 0]
fd: [0 -0 -0]
fd: [-0 0 0]
fd: [-0 0 0]
fd: [-0 0 0]
fd: [0 -0 -0]
fd: [-0 0 0]
fd: [-0 0 0]
fd: [-0 0 0]
fd: [-0 0 0]
fd: [0 0 0]
fd: [-0 0 0]
fd: [-0 0 0]
fd: [0 0 0]
fd: [-0 0 0]
fd: [-0 0 0]
fd: [0 0 0]
fd: [-0 0 0]
fd: [-0 0 0]
fd: [0 0 0]
fd: [-0 0 0]
fd: [-0 0 0]
fd: [0 0 0]
fd: [-0 0 0]
fd: [-0 0 0]
fd: [0 0 0]
fd: [-0 0 0]
fd: [0 -0 -0]
fd: [-0 0 0]
fd: [0 -0 -0]
fd: [-0 0 0]
fd: [-0 0 0]
fd: [0 -0 -0]
fd: [-0 0 0]
fd: [-0 0 0]
fd: [0 -0 -0]
fd: [-0 0 0]
fd: [-0 0 0]
fd: [0 0 0]
fd: [-0 0 0]
fd: [-0 0 0]
fd: [0 0 0]
fd: [-0 0 0]
fd: [-0 0 0]
fd: [0 0 0]
fd: [-0 0 0]
fd: [-0 0 0]
fd: [0 0 0]
fd: [-0 0 0]
fd: [-0 0 0]
fd: [0 0 0]
fd: [-0 0 0]
fd: [-0 0 0]
fd: [0 0 0]
fd: [-0 0 0]
fd: [-0 0 0]
fd: [0 0 0]
fd: [0 -0 -0]
fd: [0 -0 -0]
fd: [0 -0 -0]
fd: [-0 0 0]
fd: [0 -0 -0]
fd: [0 -0 -0]
fd: [-0 0 0]
fd: [0 -0 -0]
fd: [0 -0 -0]
fd: [0 -0 -0]
fd: [0 -0 -0]
fd: [0 -0 -0]
fd: [-0 -0 -0]
fd: [0 -0 -0]
fd: [0 -0 -0]
fd: [0 0 0]
fd: [0 -0 -0]
fd: [0 -0 -0]
fd: [0 0 0]
fd: [0 -0 -0]
fd: [0 -0 -0]
fd: [0 0 0]
fd: [0 -0 -0]
fd: [0 -0 -0]
fd: [0 0 0]
fd: [0 -0 -0]
fd: [0 -0 -0]
fd: [0 0 0]
fd: [0 -0 -0]
fd: [0 -0 -0]
fd: [-0 -0 -0]
fd: [-0 0 0]
fd: [0 -0 -0]
fd: [-0 0 0]
fd: [0 -0 -0]
fd: [-0 0 0]
fd: [-0 0 0]
fd: [0 -0 -0]
fd: [-0 0 0]
fd: [-0 0 0]
fd: [0 0 0]
fd: [-0 0 0]
fd: [-0 0 0]
fd: [0 0 0]
fd: [-0 0 0]
fd: [-0 0 0]
fd: [-0 -0 -0]
fd: [-0 0 0]
fd: [-0 0 0]
fd: [-0 -0 -0]
fd: [-0 0 0]
fd: [-0 0 0]
fd: [-0 -0 -0]
fd: [-0 0 0]
fd: [-0 0 0]
fd: [0 0 0]
fd: [-0 0 0]
fd: [-0 0 0]
fd: [0 0 0]
fd: [-0 0 0]
fd: [-0 0 0]
fd: [0 0 0]
fd: [0 -0 -0]
fd: [-0 0 0]
fd: [0 -0 -0]
fd: [-0 0 0]
fd: [0 -0 -0]
fd: [0 -0 -0]
fd: [-0 -0 -0]
fd: [0 -0 -0]
fd: [0 -0 -0]
fd: [0 0 0]
fd: [0 -0 -0]
fd: [0 -0 -0]
fd: [0 0 0]
fd: [0 -0 -0]
fd: [0 -0 -0]
fd: [0 0 0]
fd: [0 -0 -0]
fd: [0 -0 -0]
fd: [0 0 0]
fd: [0 -0 -0]
fd: [0 -0 -0]
fd: [0 0 0]
fd: [0 -0 -0]
fd: [0 -0 -0]
fd: [0 0 0]
fd: [0 -0 -0]
fd: [0 -0 -0]
fd: [0 0 0]
fd: [0 -0 -0]
fd: [0 -0 -0]
fd: [-0 -0 -0]
fd: [0 -0 -0]
fd: [-0 0 0]
fd: [0 -0 -0]
fd: [0 -0 -0]
fd: [0 -0 -0]
fd: [0 -0 -0]
fd: [-0 -0 -0]
fd: [0 -0 -0]
fd: [0 -0 -0]
fd: [0 0 0]
fd: [0 -0 -0]
fd: [0 -0 -0]
fd: [0 0 0]
fd: [0 -0 -0]
fd: [0 -0 -0]
fd: [0 0 0]
fd: [0 -0 -0]
fd: [0 -0 -0]
fd: [0 0 0]
fd: [0 -0 -0]
fd: [0 -0 -0]
fd: [0 0 0]
fd: [0 -0 -0]
fd: [0 -0 -0]
fd: [0 0 0]
fd: [0 -0 -0]
fd: [0 -0 -0]
fd: [-0 -0 -0]
fd: [0 -0 -0]
fd: [0 -0 -0]
fd: [-0 -0 -0]
0: [24.9305 -24.3955 -23.8527]
1: [24.9229 -22.7877 -24.2747]
2: [24.4649 -22.9245 -22.5664]
3: [24.3907 -21.122 -22.4291]
4: [24.1906 -20.419 -20.8051]
5: [23.9195 -18.6681 -20.8327]
6: [24.0275 -17.2439 -19.9044]
7: [23.9612 -16.876 -18.2777]
8: [24.284 -15.2679 -18.1639]
9: [24.8902 -14.2725 -17.041]
10: [25.5645 -13.0549 -16.2182]
11: [23.5464 -23.1432 -22.7625]
12: [23.3085 -21.5066 -23.3448]
13: [22.6491 -21.7271 -21.6903]
14: [22.4758 -19.9365 -21.6591]
15: [22.2369 -19.3546 -19.9576]
16: [22.0296 -17.6378 -19.7857]
17: [22.1425 -16.1148 -19.0261]
18: [22.2418 -15.5392 -17.4776]
19: [22.6854 -14.0405 -17.0988]
20: [23.3355 -12.9788 -16.0869]
21: [24.0299 -11.7833 -15.2364]
22: [22.0549 -21.5066 -21.5811]
23: [21.6521 -19.9025 -21.9642]
24: [20.8452 -19.9065 -20.4311]
25: [20.5218 -18.2285 -20.2776]
26: [20.2011 -17.5083 -18.7687]
27: [20.0537 -15.9286 -18.3471]
28: [20.1873 -14.5202 -17.5804]
29: [20.4834 -13.6812 -16.302]
30: [21.0459 -12.3601 -15.723]
31: [21.7302 -11.2863 -14.8163]
32: [22.3441 -10.1087 -13.953]
33: [20.3033 -19.5786 -20.2557]
34: [19.7187 -18.0458 -20.3261]
35: [18.8516 -17.6813 -18.9748]
36: [18.3807 -16.1819 -18.543]
37: [18.0421 -15.2261 -17.3057]
38: [17.9598 -13.7877 -16.6953]
39: [18.1901 -12.5291 -15.8627]
40: [18.6748 -11.5483 -14.8431]
41: [19.3448 -10.3865 -14.1705]
42: [20.0355 -9.32432 -13.33]
43: [20.5561 -8.14984 -12.4543]
44: [18.2665 -17.3231 -18.7601]
45: [17.4713 -15.9266 -18.4191]
46: [16.5878 -15.1402 -17.3004]
47: [16.0216 -13.8123 -16.5983]
48: [15.7142 -12.6835 -15.5739]
49: [15.7539 -11.3638 -14.8455]
50: [16.1579 -10.2267 -14.0102]
51: [16.8164 -9.24258 -13.1748]
52: [17.5736 -8.20528 -12.4883]
53: [18.2621 -7.16512 -11.6877]
54: [18.7131 -5.99391 -10.8054]
55: [15.9105 -14.7597 -17.0288]
56: [14.93 -13.4625 -16.3361]
57: [14.0271 -12.3784 -15.36]
58: [13.4293 -11.1243 -14.5099]
59: [13.2212 -9.92144 -13.5921]
60: [13.4733 -8.71577 -12.8239]
61: [14.1016 -7.70752 -12.0608]
62: [14.9132 -6.80669 -11.3614]
63: [15.739 -5.87341 -10.7035]
64: [16.4335 -4.86704 -9.9356]
65: [16.8579 -3.70864 -9.05727]
66: [13.2083 -11.9337 -15.0144]
67: [12.0748 -10.614 -14.1096]
68: [11.1406 -9.37745 -13.1516]
69: [10.6005 -8.13132 -12.2492]
70: [10.6232 -6.9401 -11.39]
71: [11.1831 -5.89274 -10.6735]
72: [12.0334 -5.05106 -10.0342]
73: [12.9659 -4.27176 -9.44982]
74: [13.8525 -3.43727 -8.84243]
75: [14.5775 -2.48215 -8.11423]
76: [15.0304 -1.35272 -7.25432]
77: [10.1036 -8.80283 -12.7052]
78: [8.82813 -7.38151 -11.6623]
79: [7.90984 -6.07118 -10.6804]
80: [7.60369 -4.84285 -9.78184]
81: [8.0447 -3.77941 -9.02454]
82: [8.92565 -2.9689 -8.44909]
83: [9.94468 -2.31108 -7.95055]
84: [10.9747 -1.66443 -7.47125]
85: [11.9307 -0.935794 -6.93073]
86: [12.7248 -0.0580052 -6.2604]
87: [13.2699 1.01676 -5.44007]
88: [6.47803 -5.26326 -10.0601]
89: [5.08649 -3.71137 -8.90217]
90: [4.38117 -2.40268 -7.92677]
91: [4.64839 -1.31117 -7.13095]
92: [5.5647 -0.55037 -6.58997]
93: [6.66834 0.00564134 -6.1846]
94: [7.81691 0.490639 -5.819]
95: [8.94456 1.00096 -5.44081]
96: [9.99523 1.60493 -4.98692]
97: [10.9069 2.36565 -4.40504]
98: [11.6134 3.34134 -3.65926]
99: [2.11169 -1.15626 -6.9759]
100: [0.872194 0.423655 -5.79217]
101: [0.98844 1.51371 -4.98276]
102: [1.95735 2.18826 -4.49539]
103: [3.15383 2.62731 -4.17994]
104: [4.4192 2.97526 -3.92151]
105: [5.69394 3.30774 -3.67213]
106: [6.9382 3.67879 -3.39533]
107: [8.11579 4.13421 -3.04989]
108: [9.19009 4.72735 -2.59575]
109: [10.1172 5.53686 -1.9764]
110: [-8.11327 8.11327 0]
111: [-6.49062 8.11327 0]
112: [-4.86796 8.11327 0]
113: [-3.24531 8.11327 0]
114: [-1.62265 8.11327 0]
115: [0 8.11327 0]
116: [1.62265 8.11327 0]
117: [3.24531 8.11327 0]
118: [4.86796 8.11327 0]
119: [6.49062 8.11327 0]
120: [8.11327 8.11327 0]
121: [0.0892688 0.0783075 -0.032736]
122: [0.0434003 0.0662478 -0.0724263]
123: [0.0358435 0.0473064 -0.0730644]
124: [0.043592 0.0465214 -0.0484055]
125: [0.0296881 0.0257659 -0.0400492]
126: [0.0418343 0.0286698 -0.0177758]
127: [0.0355439 0.0333124 -0.0238405]
128: [0.0243402 0.0180559 -0.0200716]
129: [0.0253988 0.0177205 -0.0117223]
130: [0.0220039 0.0141251 -0.00648097]
131: [0.0200625 0.0132614 -0.00354405]
132: [0.0907403 0.079043 -0.0294568]
133: [0.0522651 0.0666068 -0.0573686]
134: [0.0355307 0.048815 -0.0679635]
135: [0.0428322 0.0498465 -0.0517822]
136: [0.0274114 0.0287444 -0.0462976]
137: [0.0377367 0.027432 -0.0219378]
138: [0.0324439 0.0305142 -0.0253317]
139: [0.0233149 0.0181303 -0.0197268]
140: [0.0229079 0.0166192 -0.0123721]
141: [0.020176 0.0133026 -0.00695257]
142: [0.0184296 0.0121405 -0.0037585]
143: [0.0846983 0.0733233 -0.0325141]
144: [0.0545183 0.0620651 -0.0496807]
145: [0.0363847 0.0468537 -0.0601103]
146: [0.0401996 0.0469125 -0.0488246]
147: [0.0270838 0.0297969 -0.0435375]
148: [0.0325527 0.0255796 -0.0244405]
149: [0.0281483 0.0262304 -0.0243868]
150: [0.0217377 0.017161 -0.0172182]
151: [0.0203357 0.0149768 -0.0110744]
152: [0.0181556 0.0122087 -0.00625329]
153: [0.0164343 0.0109385 -0.00333902]
154: [0.0752059 0.0649391 -0.0332155]
155: [0.052124 0.0556518 -0.0443826]
156: [0.0364371 0.0432572 -0.0516028]
157: [0.0359646 0.0410188 -0.0440225]
158: [0.0271742 0.0284616 -0.0371409]
159: [0.0275981 0.0233971 -0.0245405]
160: [0.0236354 0.0216654 -0.0214137]
161: [0.0195117 0.0154222 -0.0141981]
162: [0.0178207 0.0130266 -0.00902176]
163: [0.0159653 0.0108042 -0.00503593]
164: [0.0142266 0.00963318 -0.0026003]
165: [0.063719 0.0558274 -0.0333547]
166: [0.0471231 0.0480174 -0.0397538]
167: [0.0351526 0.0387749 -0.0431348]
168: [0.0313506 0.0341645 -0.0380075]
169: [0.0253371 0.0252601 -0.0307449]
170: [0.0230103 0.0205132 -0.0222833]
171: [0.0195826 0.0174899 -0.0173868]
172: [0.0169065 0.0131293 -0.0111121]
173: [0.0153084 0.0109186 -0.00683744]
174: [0.0136445 0.00921536 -0.00369196]
175: [0.0119226 0.00824683 -0.00176527]
176: [0.0517815 0.0464988 -0.0326045]
177: [0.0407465 0.040029 -0.035155]
178: [0.0320565 0.033188 -0.0356837]
179: [0.0268145 0.0275825 -0.0316425]
180: [0.0218467 0.0210441 -0.0250965]
181: [0.018698 0.0169231 -0.0184607]
182: [0.0160723 0.0137255 -0.0132127]
183: [0.0142535 0.0105602 -0.00820698]
184: [0.0128285 0.00876911 -0.00485756]
185: [0.0112979 0.00753993 -0.00246922]
186: [0.00965352 0.00680415 -0.000989688]
187: [0.0412171 0.0375152 -0.0302409]
188: [0.0338179 0.0323599 -0.0302014]
189: [0.0270942 0.0270104 -0.0289632]
190: [0.0215704 0.0217029 -0.0252207]
191: [0.0171175 0.0167312 -0.0193745]
192: [0.0144575 0.013346 -0.013744]
193: [0.0127082 0.0105173 -0.00922093]
194: [0.0113862 0.00821994 -0.00554626]
195: [0.0101473 0.00689227 -0.00309381]
196: [0.00877962 0.00603805 -0.00135698]
197: [0.00733988 0.00547009 -0.000270631]
198: [0.0346016 0.0269473 -0.027977]
199: [0.0363946 0.0161385 -0.0314296]
200: [0.0367586 0.00633863 -0.0333752]
201: [0.0310964 0.00216203 -0.0293839]
202: [0.0253382 0.000512309 -0.0226768]
203: [0.022331 -0.000968038 -0.0174784]
204: [0.0201609 -0.00220644 -0.013423]
205: [0.0182549 -0.00281396 -0.0102241]
206: [0.0162906 -0.00263056 -0.00772222]
207: [0.0140359 -0.00188957 -0.00549839]
208: [0.0113244 -0.000549549 -0.0033676]
209: [0.0551902 -0.00862243 -0.0436477]
210: [0.0750196 -0.0350132 -0.0585309]
211: [0.0772653 -0.0454571 -0.0612053]
212: [0.063378 -0.0430568 -0.0530735]
213: [0.0558479 -0.038146 -0.0438172]
214: [0.0510415 -0.0359912 -0.0380284]
215: [0.0466898 -0.0340473 -0.0333173]
216: [0.0423641 -0.031429 -0.0291076]
217: [0.0376371 -0.0276704 -0.0247642]
218: [0.032031 -0.0223101 -0.0195744]
219: [0.0286318 -0.0184374 -0.0158419]
220: [1.54171 -1.38923 -1.0704]
221: [2.70632 -2.20913 -1.68856]
222: [2.09054 -1.95462 -1.49278]
223: [1.79224 -1.72001 -1.31701]
224: [1.61903 -1.56518 -1.20103]
225: [1.48269 -1.44039 -1.10519]
226: [1.35566 -1.31882 -1.01176]
227: [1.22162 -1.18173 -0.907646]
228: [1.06641 -1.0129 -0.778324]
229: [0.874282 -0.792285 -0.608659]
230: [0.63501 -0.499745 -0.38417]
231: [84.4289 -78.9773 -59.3905]
232: [63.5026 -62.9704 -47.4424]
233: [53.7038 -53.349 -40.353]
234: [48.3477 -47.8791 -36.3952]
235: [44.2852 -43.9756 -33.5318]
236: [40.5991 -40.5841 -30.9896]
237: [36.7853 -37.1059 -28.378]
238: [32.4415 -33.0718 -25.3348]
239: [27.1814 -28.0247 -21.4836]
240: [20.6013 -21.3778 -16.3934]
241: [12.6005 -11.9799 -9.19333]
